000000000 0 0 0 0 0 0 0 0 0 0 0 0           0 00000000000 000000000 0 0 0 0 0 0 0 0 0 0 0 0           000000000
0         0                   0 0 0         0      0      0       0 0                   0 0           0        
0         0                   0 0  0        0      0      0       0 0                   0 0           0        
0         0                   0 0   0       0      0      000000000 0                   0 0           0        
0         0                   0 0    0      0      0      0         0                   0 0           0        
0         0                   0 0     0     0      0      00        0                   0 0           000000000
0         0                   0 0      0    0      0      0 0       0                   0 0                   0
0         0                   0 0       0   0      0      0  0      0                   0 0                   0
0         0                   0 0        0  0      0      0   0     0                   0 0                   0
0         0                   0 0         0 0      0      0    0    0                   0 0                   0
000000000 0 0 0 0 0 0 0 0 0 0 0 0          0       0      0     0   0 0 0 0 0 0 0 0 0 0 0 00000000000 000000000
                                              ___  
                                             | . |
                                          up-|___|-$text
                                             | . |
                                             |___|
                                              ___  
                                             | . |
                                        down-|___|-$text
                                             | . |
                                             |___|
                                              ___  
                                             | . |
                                        left-|___|-$text
                                             | . |
                                             |___|
                                              ___  
                                             | . |
                                       right-|___|-$text
                                             | . |
                                             |___|
                                              ___  
                                             | . |
                                       space-|___|-$text
                                             | . |
                                             |___|
