000000000     000000000           0      00000000000 0        0        
0        0    0                  0 0          0      0        0
0         0   0                 0   0         0      0        0
0          0  0                0     0        0      0        0
0           0 0               0       0       0      0        0
0           0 000000000      00000000000      0      0000000000
0          0  0             0           0     0      0        0
0         0   0            0             0    0      0        0
0        0    0           0               0   0      0        0
0       0     0          0                 0  0      0        0
00000000      000000000 0                   0 0      0        0
                             _________ 
                            |         |
                            | Restart |
                            |_________|
                             __________
                            |          |
                            | Mainmenu |
                            |__________|
